64 0
0.843478 1 0.843478 1 0.401654 1 0.401654 1 0.843478 1 0.843478 1 0.401654 1 0.401654 1 0.843478 1 0.843478 1 0.401654 1 0.401654 1 0.843478 1 0.843478 1 0.401654 1 0.401654 1 0 1 0 1 0 1 0 1 0 1 0 1 0 1 0 1 0 1 0 1 0 1 0 1 0 1 0 1 0 1 0 1 0.466897 1 0.466897 1 0.572198 1 0.572198 1 0.466897 1 0.466897 1 0.572198 1 0.572198 1 0.466897 1 0.466897 1 0.572198 1 0.572198 1 0.466897 1 0.466897 1 0.572198 1 0.572198 1 0 1 0 1 0 1 0 1 0 1 0 1 0 1 0 1 0 1 0 1 0 1 0 1 0 1 0 1 0 1 0 1 
0.780513 1 0.780513 1 0.136528 1 0.136528 1 0.780513 1 0.780513 1 0.136528 1 0.136528 1 0.780513 1 0.780513 1 0.136528 1 0.136528 1 0.780513 1 0.780513 1 0.136528 1 0.136528 1 0 1 0 1 0.0634723 1 0.0634723 1 0 1 0 1 0.0634723 1 0.0634723 1 0 1 0 1 0.0634723 1 0.0634723 1 0 1 0 1 0.0634723 1 0.0634723 1 0.675395 1 0.675395 1 0.747639 1 0.747639 1 0.675395 1 0.675395 1 0.747639 1 0.747639 1 0.675395 1 0.675395 1 0.747639 1 0.747639 1 0.675395 1 0.675395 1 0.747639 1 0.747639 1 0 1 0 1 0 1 0 1 0 1 0 1 0 1 0 1 0 1 0 1 0 1 0 1 0 1 0 1 0 1 0 1 
0.62635 1 0.62635 1 0 1 0 1 0.62635 1 0.62635 1 0 1 0 1 0.62635 1 0.62635 1 0 1 0 1 0.62635 1 0.62635 1 0 1 0 1 0 1 0 1 0.333494 1 0.333494 1 0 1 0 1 0.333494 1 0.333494 1 0 1 0 1 0.333494 1 0.333494 1 0 1 0 1 0.333494 1 0.333494 1 0.806781 1 0.806781 1 0.836287 1 0.836287 1 0.806781 1 0.806781 1 0.836287 1 0.836287 1 0.806781 1 0.806781 1 0.836287 1 0.836287 1 0.806781 1 0.806781 1 0.836287 1 0.836287 1 0 1 0 1 0 1 0 1 0 1 0 1 0 1 0 1 0 1 0 1 0 1 0 1 0 1 0 1 0 1 0 1 
0.401648 1 0.401648 1 0 1 0 1 0.401648 1 0.401648 1 0 1 0 1 0.401648 1 0.401648 1 0 1 0 1 0.401648 1 0.401648 1 0 1 0 1 0 1 0 1 0.572224 1 0.572224 1 0 1 0 1 0.572224 1 0.572224 1 0 1 0 1 0.572224 1 0.572224 1 0 1 0 1 0.572224 1 0.572224 1 0.843448 1 0.843448 1 0.826262 1 0.826262 1 0.843448 1 0.843448 1 0.826262 1 0.826262 1 0.843448 1 0.843448 1 0.826262 1 0.826262 1 0.843448 1 0.843448 1 0.826262 1 0.826262 1 0 1 0 1 0 1 0 1 0 1 0 1 0 1 0 1 0 1 0 1 0 1 0 1 0 1 0 1 0 1 0 1 
0.136522 1 0.136522 1 0 1 0 1 0.136522 1 0.136522 1 0 1 0 1 0.136522 1 0.136522 1 0 1 0 1 0.136522 1 0.136522 1 0 1 0 1 0.0634783 1 0.0634783 1 0.747669 1 0.747669 1 0.0634783 1 0.0634783 1 0.747669 1 0.747669 1 0.0634783 1 0.0634783 1 0.747669 1 0.747669 1 0.0634783 1 0.0634783 1 0.747669 1 0.747669 1 0.780482 1 0.780482 1 0.718907 1 0.718907 1 0.780482 1 0.780482 1 0.718907 1 0.718907 1 0.780482 1 0.780482 1 0.718907 1 0.718907 1 0.780482 1 0.780482 1 0.718907 1 0.718907 1 0 1 0 1 0 1 0 1 0 1 0 1 0 1 0 1 0 1 0 1 0 1 0 1 0 1 0 1 0 1 0 1 
0 1 0 1 0 1 0 1 0 1 0 1 0 1 0 1 0 1 0 1 0 1 0 1 0 1 0 1 0 1 0 1 0.3335 1 0.3335 1 0.836317 1 0.836317 1 0.3335 1 0.3335 1 0.836317 1 0.836317 1 0.3335 1 0.3335 1 0.836317 1 0.836317 1 0.3335 1 0.3335 1 0.836317 1 0.836317 1 0.626323 1 0.626323 1 0.52861 1 0.52861 1 0.626323 1 0.626323 1 0.52861 1 0.52861 1 0.626323 1 0.626323 1 0.52861 1 0.52861 1 0.626323 1 0.626323 1 0.52861 1 0.52861 1 0 1 0 1 0 1 0 1 0 1 0 1 0 1 0 1 0 1 0 1 0 1 0 1 0 1 0 1 0 1 0 1 
0 1 0 1 0 1 0 1 0 1 0 1 0 1 0 1 0 1 0 1 0 1 0 1 0 1 0 1 0 1 0 1 0.572228 1 0.572228 1 0.826288 1 0.826288 1 0.572228 1 0.572228 1 0.826288 1 0.826288 1 0.572228 1 0.572228 1 0.826288 1 0.826288 1 0.572228 1 0.572228 1 0.826288 1 0.826288 1 0.401628 1 0.401628 1 0.280873 1 0.280873 1 0.401628 1 0.401628 1 0.280873 1 0.280873 1 0.401628 1 0.401628 1 0.280873 1 0.280873 1 0.401628 1 0.401628 1 0.280873 1 0.280873 1 0 1 0 1 0 1 0 1 0 1 0 1 0 1 0 1 0 1 0 1 0 1 0 1 0 1 0 1 0 1 0 1 
0 1 0 1 0 1 0 1 0 1 0 1 0 1 0 1 0 1 0 1 0 1 0 1 0 1 0 1 0 1 0 1 0.747672 1 0.747672 1 0.718926 1 0.718926 1 0.747672 1 0.747672 1 0.718926 1 0.718926 1 0.747672 1 0.747672 1 0.718926 1 0.718926 1 0.747672 1 0.747672 1 0.718926 1 0.718926 1 0.136511 1 0.136511 1 0.00889677 1 0.00889677 1 0.136511 1 0.136511 1 0.00889677 1 0.00889677 1 0.136511 1 0.136511 1 0.00889677 1 0.00889677 1 0.136511 1 0.136511 1 0.00889677 1 0.00889677 1 0.0634894 1 0.0634894 1 0.191103 1 0.191103 1 0.0634894 1 0.0634894 1 0.191103 1 0.191103 1 0.0634894 1 0.0634894 1 0.191103 1 0.191103 1 0.0634894 1 0.0634894 1 0.191103 1 0.191103 1 
0 1 0 1 0 1 0 1 0 1 0 1 0 1 0 1 0 1 0 1 0 1 0 1 0 1 0 1 0 1 0 1 0.836318 1 0.836318 1 0.528619 1 0.528619 1 0.836318 1 0.836318 1 0.528619 1 0.528619 1 0.836318 1 0.836318 1 0.528619 1 0.528619 1 0.836318 1 0.836318 1 0.528619 1 0.528619 1 0 1 0 1 0 1 0 1 0 1 0 1 0 1 0 1 0 1 0 1 0 1 0 1 0 1 0 1 0 1 0 1 0.3335 1 0.3335 1 0.450871 1 0.450871 1 0.3335 1 0.3335 1 0.450871 1 0.450871 1 0.3335 1 0.3335 1 0.450871 1 0.450871 1 0.3335 1 0.3335 1 0.450871 1 0.450871 1 
0 1 0 1 0 1 0 1 0 1 0 1 0 1 0 1 0 1 0 1 0 1 0 1 0 1 0 1 0 1 0 1 0.826287 1 0.826287 1 0.280871 1 0.280871 1 0.826287 1 0.826287 1 0.280871 1 0.280871 1 0.826287 1 0.826287 1 0.280871 1 0.280871 1 0.826287 1 0.826287 1 0.280871 1 0.280871 1 0 1 0 1 0 1 0 1 0 1 0 1 0 1 0 1 0 1 0 1 0 1 0 1 0 1 0 1 0 1 0 1 0.572217 1 0.572217 1 0.663616 1 0.663616 1 0.572217 1 0.572217 1 0.663616 1 0.663616 1 0.572217 1 0.572217 1 0.663616 1 0.663616 1 0.572217 1 0.572217 1 0.663616 1 0.663616 1 
0 1 0 1 0.191116 1 0.191116 1 0 1 0 1 0.191116 1 0.191116 1 0 1 0 1 0.191116 1 0.191116 1 0 1 0 1 0.191116 1 0.191116 1 0.718923 1 0.718923 1 0.00888364 1 0.00888364 1 0.718923 1 0.718923 1 0.00888364 1 0.00888364 1 0.718923 1 0.718923 1 0.00888364 1 0.00888364 1 0.718923 1 0.718923 1 0.00888364 1 0.00888364 1 0 1 0 1 0 1 0 1 0 1 0 1 0 1 0 1 0 1 0 1 0 1 0 1 0 1 0 1 0 1 0 1 0.747651 1 0.747651 1 0.80083 1 0.80083 1 0.747651 1 0.747651 1 0.80083 1 0.80083 1 0.747651 1 0.747651 1 0.80083 1 0.80083 1 0.747651 1 0.747651 1 0.80083 1 0.80083 1 
0 1 0 1 0.450893 1 0.450893 1 0 1 0 1 0.450893 1 0.450893 1 0 1 0 1 0.450893 1 0.450893 1 0 1 0 1 0.450893 1 0.450893 1 0.528614 1 0.528614 1 0 1 0 1 0.528614 1 0.528614 1 0 1 0 1 0.528614 1 0.528614 1 0 1 0 1 0.528614 1 0.528614 1 0 1 0 1 0 1 0 1 0 1 0 1 0 1 0 1 0 1 0 1 0 1 0 1 0 1 0 1 0 1 0 1 0 1 0 1 0.836291 1 0.836291 1 0.844121 1 0.844121 1 0.836291 1 0.836291 1 0.844121 1 0.844121 1 0.836291 1 0.836291 1 0.844121 1 0.844121 1 0.836291 1 0.836291 1 0.844121 1 0.844121 1 
0 1 0 1 0.663645 1 0.663645 1 0 1 0 1 0.663645 1 0.663645 1 0 1 0 1 0.663645 1 0.663645 1 0 1 0 1 0.663645 1 0.663645 1 0.280865 1 0.280865 1 0 1 0 1 0.280865 1 0.280865 1 0 1 0 1 0.280865 1 0.280865 1 0 1 0 1 0.280865 1 0.280865 1 0 1 0 1 0 1 0 1 0 1 0 1 0 1 0 1 0 1 0 1 0 1 0 1 0 1 0 1 0 1 0 1 0 1 0 1 0.826256 1 0.826256 1 0.78769 1 0.78769 1 0.826256 1 0.826256 1 0.78769 1 0.78769 1 0.826256 1 0.826256 1 0.78769 1 0.78769 1 0.826256 1 0.826256 1 0.78769 1 0.78769 1 
0.191122 1 0.191122 1 0.80086 1 0.80086 1 0.191122 1 0.191122 1 0.80086 1 0.80086 1 0.191122 1 0.191122 1 0.80086 1 0.80086 1 0.191122 1 0.191122 1 0.80086 1 0.80086 1 0.00887763 1 0.00887763 1 0 1 0 1 0.00887763 1 0.00887763 1 0 1 0 1 0.00887763 1 0.00887763 1 0 1 0 1 0.00887763 1 0.00887763 1 0 1 0 1 0 1 0 1 0 1 0 1 0 1 0 1 0 1 0 1 0 1 0 1 0 1 0 1 0 1 0 1 0 1 0 1 0.718893 1 0.718893 1 0.639099 1 0.639099 1 0.718893 1 0.718893 1 0.639099 1 0.639099 1 0.718893 1 0.718893 1 0.639099 1 0.639099 1 0.718893 1 0.718893 1 0.639099 1 0.639099 1 
0.450898 1 0.450898 1 0.84415 1 0.84415 1 0.450898 1 0.450898 1 0.84415 1 0.84415 1 0.450898 1 0.450898 1 0.84415 1 0.84415 1 0.450898 1 0.450898 1 0.84415 1 0.84415 1 0 1 0 1 0 1 0 1 0 1 0 1 0 1 0 1 0 1 0 1 0 1 0 1 0 1 0 1 0 1 0 1 0 1 0 1 0 1 0 1 0 1 0 1 0 1 0 1 0 1 0 1 0 1 0 1 0 1 0 1 0 1 0 1 0.52859 1 0.52859 1 0.41826 1 0.41826 1 0.52859 1 0.52859 1 0.41826 1 0.41826 1 0.52859 1 0.52859 1 0.41826 1 0.41826 1 0.52859 1 0.52859 1 0.41826 1 0.41826 1 
0.663649 1 0.663649 1 0.787713 1 0.787713 1 0.663649 1 0.663649 1 0.787713 1 0.787713 1 0.663649 1 0.663649 1 0.787713 1 0.787713 1 0.663649 1 0.663649 1 0.787713 1 0.787713 1 0 1 0 1 0 1 0 1 0 1 0 1 0 1 0 1 0 1 0 1 0 1 0 1 0 1 0 1 0 1 0 1 0 1 0 1 0.0452299 1 0.0452299 1 0 1 0 1 0.0452299 1 0.0452299 1 0 1 0 1 0.0452299 1 0.0452299 1 0 1 0 1 0.0452299 1 0.0452299 1 0.280849 1 0.280849 1 0.15477 1 0.15477 1 0.280849 1 0.280849 1 0.15477 1 0.15477 1 0.280849 1 0.280849 1 0.15477 1 0.15477 1 0.280849 1 0.280849 1 0.15477 1 0.15477 1 
0.800862 1 0.800862 1 0.639113 1 0.639113 1 0.800862 1 0.800862 1 0.639113 1 0.639113 1 0.800862 1 0.800862 1 0.639113 1 0.639113 1 0.800862 1 0.800862 1 0.639113 1 0.639113 1 0 1 0 1 0 1 0 1 0 1 0 1 0 1 0 1 0 1 0 1 0 1 0 1 0 1 0 1 0 1 0 1 0.191128 1 0.191128 1 0.31606 1 0.31606 1 0.191128 1 0.191128 1 0.31606 1 0.31606 1 0.191128 1 0.191128 1 0.31606 1 0.31606 1 0.191128 1 0.191128 1 0.31606 1 0.31606 1 0.00887164 1 0.00887164 1 0 1 0 1 0.00887164 1 0.00887164 1 0 1 0 1 0.00887164 1 0.00887164 1 0 1 0 1 0.00887164 1 0.00887164 1 0 1 0 1 
0.84415 1 0.84415 1 0.418264 1 0.418264 1 0.84415 1 0.84415 1 0.418264 1 0.418264 1 0.84415 1 0.84415 1 0.418264 1 0.418264 1 0.84415 1 0.84415 1 0.418264 1 0.418264 1 0 1 0 1 0 1 0 1 0 1 0 1 0 1 0 1 0 1 0 1 0 1 0 1 0 1 0 1 0 1 0 1 0.450893 1 0.450893 1 0.557935 1 0.557935 1 0.450893 1 0.450893 1 0.557935 1 0.557935 1 0.450893 1 0.450893 1 0.557935 1 0.557935 1 0.450893 1 0.450893 1 0.557935 1 0.557935 1 0 1 0 1 0 1 0 1 0 1 0 1 0 1 0 1 0 1 0 1 0 1 0 1 0 1 0 1 0 1 0 1 
